e_b(g) - f_b(g) per branch: offset = mean over g > 0.05 of the chain-mean difference, trend = OLS slope in g; both with jackknife SE over chains (correlation-aware). Per-g paired z: max|z|, chi2/pt (naive).
file                                         branch     n |  op: offset x1e5 (z)   trend x1e5/g (z) max|z| chi2/pt |   diag: offset (z)        trend (z) max|z| chi2/pt | se_op/se_diag
seqbr_Lx20_Ly20_k0.52_r0_T0.15_23-2.csv      <23>      12 |    +2.04( 7.21)  +0.3  -27.40(30.29) -0.9   3.14    1.30 |   -3.67( 7.04) -0.5  -15.98(25.95) -0.6   2.69    0.90 | 0.51
seqbr_Lx20_Ly20_k0.52_r0_T0.15_23-2.csv      <2>       12 |   -11.21( 5.55)  -2.0  +32.18(29.71) +1.1   2.27    1.08 |   -1.97( 8.28) -0.2  +35.54(34.42) +1.0   3.63    1.31 | 0.67
seqbr_Lx20_Ly20_k0.52_r1_T0.15_23-2.csv      <23>      12 |   -10.62( 6.77)  -1.6   +4.38(18.35) +0.2   2.81    1.50 |  -19.81(14.44) -1.4  -12.56(40.32) -0.3   3.08    1.64 | 0.51
seqbr_Lx20_Ly20_k0.52_r1_T0.15_23-2.csv      <2>       12 |    -0.65( 4.53)  -0.1   -1.70(16.22) -0.1   2.42    1.04 |   +5.71( 7.44) +0.8  +10.05(18.17) +0.6   3.09    2.32 | 0.60
seqbr_Lx20_Ly20_k0.52_r1_T0.15_23-2_fu1.csv  <23>      24 |    -1.76( 3.74)  -0.5  -10.02(11.28) -0.9   3.18    1.41 |   -4.60( 7.30) -0.6  +30.43(17.10) +1.8   2.73    1.56 | 0.45
seqbr_Lx20_Ly20_k0.52_r1_T0.15_23-2_fu1.csv  <2>       24 |    -1.92( 2.81)  -0.7  -23.71(12.98) -1.8   2.29    1.28 |   +5.41( 4.92) +1.1  +12.12(17.63) +0.7   2.40    0.94 | 0.57
seqbr_Lx20_Ly20_k0.53_r0_T0.15_23-2.csv      <23>      12 |   +11.88( 6.26)  +1.9  +43.84(28.30) +1.5   3.36    1.21 |   +8.65(10.11) +0.9   -0.70(36.68) -0.0   1.23    0.52 | 0.44
seqbr_Lx20_Ly20_k0.53_r0_T0.15_23-2.csv      <2>       12 |    -1.12( 7.28)  -0.2  -20.12(23.81) -0.8   2.16    0.84 |   +3.95( 8.29) +0.5   +4.51(33.63) +0.1   1.83    0.68 | 0.71
seqbr_Lx20_Ly20_k0.53_r0_T0.1_23-2.csv       <23>      12 |    -3.81( 5.75)  -0.7  +41.59(21.81) +1.9   2.29    1.15 |  +12.41(14.74) +0.8  +12.52(60.93) +0.2   1.83    0.78 | 0.38
seqbr_Lx20_Ly20_k0.53_r0_T0.1_23-2.csv       <2>       12 |   +10.72( 6.14)  +1.7  +15.35(20.21) +0.8   2.96    1.69 |   -4.68( 9.22) -0.5  -51.46(43.88) -1.2   2.79    1.08 | 0.49
seqbr_Lx20_Ly20_k0.53_r1_T0.15_23-2.csv      <23>      12 |    -1.17( 6.25)  -0.2   -2.22(16.16) -0.1   1.85    0.48 |   +2.96(10.75) +0.3  +12.45(27.61) +0.5   1.89    0.78 | 0.50
seqbr_Lx20_Ly20_k0.53_r1_T0.15_23-2.csv      <2>       12 |    +5.91( 5.37)  +1.1  +15.28(10.79) +1.4   2.80    2.04 |   +4.98(12.02) +0.4   +8.71(23.59) +0.4   2.74    0.95 | 0.47
seqbr_Lx20_Ly20_k0.545_r0_T0.15_23-2.csv     <23>      12 |    +8.57( 7.76)  +1.1  +58.12(18.30) +3.2   4.18    2.16 |   -7.27( 9.34) -0.8   +1.49(37.79) +0.0   3.41    1.60 | 0.43
seqbr_Lx20_Ly20_k0.545_r0_T0.15_23-2.csv     <2>       12 |    +4.54( 7.69)  +0.6  -46.42(22.44) -2.1   2.22    1.20 |  -10.90(11.06) -1.0  +18.31(20.61) +0.9   2.68    1.44 | 0.55
seqbr_Lx20_Ly20_k0.545_r1_T0.15_23-2.csv     <23>      12 |   -12.47( 7.10)  -1.8   +8.89( 6.69) +1.3   3.04    1.99 |  -13.07(13.45) -1.0   -7.77(26.67) -0.3   2.98    1.77 | 0.41
seqbr_Lx20_Ly20_k0.545_r1_T0.15_23-2.csv     <2>       12 |   -10.33( 8.04)  -1.3   +6.83(11.54) +0.6   2.51    0.95 |   +8.39(11.81) +0.7   +6.55(20.80) +0.3   3.18    1.73 | 0.50
seqbr_Lx20_Ly20_k0.5625_r0_T0.15_23-2.csv    <23>      12 |   +15.68( 6.97)  +2.3   +8.99(14.45) +0.6   2.88    1.23 |  +41.96(16.66) +2.5  +22.03(34.71) +0.6   2.62    1.90 | 0.39
seqbr_Lx20_Ly20_k0.5625_r0_T0.15_23-2.csv    <2>       12 |    -1.71( 6.24)  -0.3  -16.88(13.78) -1.2   3.30    1.70 |   -3.96(11.38) -0.3   +3.97(35.26) +0.1   3.15    1.19 | 0.46
seqbr_Lx20_Ly22_k0.5625_r0_T0.15_2333.csv    <2333>    12 |   -18.77( 8.50)  -2.2  -46.02(11.63) -4.0   4.65    2.74 |   +9.03(16.63) +0.5  -17.97(16.99) -1.1   1.64    0.90 | 0.36
seqbr_Lx20_Ly28_k0.53_r0_T0.15_223.csv       <223>     12 |    +4.01( 6.98)  +0.6  -22.65(20.20) -1.1   3.39    1.13 |   +0.85(12.24) +0.1  +18.37(38.87) +0.5   2.54    1.13 | 0.48
seqbr_Lx20_Ly28_k0.53_r1_T0.15_223.csv       <223>     12 |    +3.60( 6.13)  +0.6  +12.99( 9.99) +1.3   3.14    1.34 |  +15.29( 7.11) +2.1  +34.40(11.55) +3.0   1.71    0.73 | 0.48
seqbr_Lx20_Ly28_k0.5625_r0_T0.15_223.csv     <223>     12 |    +7.70( 7.61)  +1.0   +0.57(11.71) +0.0   3.93    1.58 |  +18.29(10.75) +1.7  -14.74(19.13) -0.8   3.70    1.43 | 0.43
seqbr_Lx20_Ly30_k0.52_r0_T0.15_23-3.csv      <23>      12 |    +4.68( 4.78)  +1.0  -17.92(29.32) -0.6   1.98    0.62 |  +10.08( 9.62) +1.0  +16.21(34.95) +0.5   2.66    1.32 | 0.61
seqbr_Lx20_Ly30_k0.52_r0_T0.15_23-3.csv      <3>       12 |   +10.03( 4.74)  +2.1  -48.02(14.96) -3.2   3.29    2.14 |   -1.36(13.87) -0.1   +0.31(31.83) +0.0   2.47    0.98 | 0.49
seqbr_Lx20_Ly30_k0.52_r1_T0.15_23-3.csv      <23>      12 |    -3.27( 6.46)  -0.5   -6.18(19.59) -0.3   2.86    1.12 |  +14.11(11.11) +1.3  +40.94(25.25) +1.6   1.98    0.89 | 0.53
seqbr_Lx20_Ly30_k0.52_r1_T0.15_23-3.csv      <3>       12 |    +0.51( 4.46)  +0.1  -16.10(17.80) -0.9   3.07    1.27 |   -9.85( 8.26) -1.2  -15.74(21.15) -0.7   2.31    1.25 | 0.56
seqbr_Lx20_Ly30_k0.52_r1_T0.15_23-3_fu1.csv  <23>      24 |    +4.72( 5.03)  +0.9   +5.86(12.13) +0.5   2.14    1.07 |   +4.16( 6.14) +0.7  +26.81(14.28) +1.9   2.22    0.85 | 0.51
seqbr_Lx20_Ly30_k0.52_r1_T0.15_23-3_fu1.csv  <3>       24 |   -11.99( 4.21)  -2.8   -4.61(14.72) -0.3   3.12    2.18 |  -12.09( 5.80) -2.1  -30.70(15.12) -2.0   3.67    1.53 | 0.46
seqbr_Lx20_Ly30_k0.53_r0_T0.15_23-3.csv      <23>      12 |   +11.58( 5.54)  +2.1  +11.80(25.36) +0.5   2.06    1.04 |   +5.64(15.04) +0.4  +30.69(52.26) +0.6   3.39    2.20 | 0.54
seqbr_Lx20_Ly30_k0.53_r0_T0.15_23-3.csv      <3>       12 |   -13.57( 7.31)  -1.9  -19.66(24.46) -0.8   2.99    1.43 |  -15.13(10.29) -1.5  -22.26(36.35) -0.6   1.89    1.11 | 0.51
seqbr_Lx20_Ly30_k0.53_r0_T0.1_23-3.csv       <23>      12 |   -12.92( 5.80)  -2.2  +13.15(20.55) +0.6   2.83    1.41 |   -3.29( 7.14) -0.5  -21.41(48.03) -0.4   2.08    0.85 | 0.43
seqbr_Lx20_Ly30_k0.53_r0_T0.1_23-3.csv       <3>       12 |    +5.04( 2.55)  +2.0   +3.02(18.66) +0.2   1.94    0.86 |   +8.38(10.19) +0.8  +24.33(44.11) +0.6   3.62    1.19 | 0.37
seqbr_Lx20_Ly30_k0.53_r1_T0.15_23-3.csv      <23>      12 |    +1.35( 4.55)  +0.3  -11.49(15.06) -0.8   2.25    1.06 |  +13.28(10.53) +1.3   +7.91(21.99) +0.4   2.81    1.59 | 0.47
seqbr_Lx20_Ly30_k0.53_r1_T0.15_23-3.csv      <3>       12 |    +4.64( 3.91)  +1.2  -10.26(13.28) -0.8   2.33    1.20 |   +9.53(11.73) +0.8  +14.69(19.76) +0.7   3.36    2.18 | 0.46
seqbr_Lx20_Ly30_k0.545_r0_T0.15_23-3.csv     <23>      12 |    +7.30( 9.48)  +0.8  -11.49(14.67) -0.8   3.27    1.97 |   +2.41(10.97) +0.2  +29.48(33.28) +0.9   3.69    1.62 | 0.40
seqbr_Lx20_Ly30_k0.545_r0_T0.15_23-3.csv     <3>       12 |    -3.28( 6.15)  -0.5  +11.25(11.41) +1.0   2.25    1.15 |   -7.34(10.40) -0.7  -11.18(29.34) -0.4   2.25    0.79 | 0.43
seqbr_Lx20_Ly30_k0.545_r1_T0.15_23-3.csv     <23>      12 |    +0.37( 5.97)  +0.1  +16.94(14.03) +1.2   2.12    1.06 |   +1.11(10.30) +0.1   +8.47(18.85) +0.4   2.78    0.68 | 0.38
seqbr_Lx20_Ly30_k0.545_r1_T0.15_23-3.csv     <3>       12 |    -2.21( 7.46)  -0.3  -12.02( 9.91) -1.2   2.04    0.83 |  -11.44(14.47) -0.8  -12.82(23.80) -0.5   3.53    1.45 | 0.42
seqbr_Lx20_Ly30_k0.5625_r0_T0.15_23-3.csv    <23>      12 |   +16.07( 9.16)  +1.8   +5.26(15.49) +0.3   3.18    1.48 |   +2.30(15.01) +0.2  +16.48(14.79) +1.1   2.24    0.93 | 0.45
seqbr_Lx20_Ly30_k0.5625_r0_T0.15_23-3.csv    <3>       12 |    +8.59( 6.69)  +1.3  +14.67(13.32) +1.1   2.81    1.13 |   +0.52( 9.12) +0.1  -10.21(22.72) -0.4   3.59    2.24 | 0.41
seqbr_Lx20_Ly32_k0.53_r0_T0.15_233.csv       <233>     12 |    +2.46( 7.13)  +0.3  -17.94(18.22) -1.0   2.67    1.22 |  -14.81(11.43) -1.3  -33.55(43.69) -0.8   1.44    0.57 | 0.61
seqbr_Lx20_Ly32_k0.53_r1_T0.15_233.csv       <233>     12 |    -0.45( 3.93)  -0.1   +8.63(14.82) +0.6   1.93    0.76 |   -1.98(12.10) -0.2  -20.03(22.10) -0.9   2.53    1.41 | 0.45
seqbr_Lx20_Ly32_k0.545_r0_T0.15_233.csv      <233>     12 |    +4.69( 4.56)  +1.0  +20.21(20.00) +1.0   2.12    0.83 |   +0.49( 9.92) +0.0   -5.25(25.10) -0.2   2.45    0.78 | 0.46
seqbr_Lx20_Ly32_k0.5625_r0_T0.15_233.csv     <233>     12 |   +11.90( 7.23)  +1.6   -8.85(10.36) -0.9   2.83    1.99 |  +23.24(10.36) +2.2   +6.86(24.67) +0.3   2.50    1.08 | 0.40
seqbr_Lx40_Ly40_k0.53_r0_T0.15_23-2.csv      <23>      12 |    +4.04( 3.49)  +1.2  +52.42( 6.98) +7.5   2.74    1.24 |  +13.89( 6.94) +2.0  +19.44(28.15) +0.7   3.34    2.57 | 0.53
seqbr_Lx40_Ly40_k0.53_r0_T0.15_23-2.csv      <2>       12 |    +1.24( 5.07)  +0.2   +6.32(10.96) +0.6   2.21    0.96 |   +1.63( 5.86) +0.3  +15.92(17.85) +0.9   3.01    1.55 | 0.68
branches_L12_k0.47_r0.csv                    <2>        6 |  -239.80(50.55)  -4.7 -1022.36(172.35) -5.9   8.25    6.62 | -259.73(37.32) -7.0 -1141.05(102.87) -11.1  10.90   11.28 | 0.52
branches_L12_k0.47_r0.csv                    <3>        6 |   -13.95(17.32)  -0.8  -15.18(28.23) -0.5   1.78    0.80 |   +9.31(35.41) +0.3  -19.58(44.14) -0.4   8.72    5.18 | 0.51
branches_L12_k0.47_r0.csv                    FM         6 |   -30.60(17.02)  -1.8 -139.25(47.49) -2.9   3.24    2.40 |  -38.89(41.34) -0.9 -117.11(138.30) -0.8   1.83    1.02 | 0.41
branches_L12_k0.47_r1.csv                    <2>        6 |   -21.08(13.81)  -1.5  -63.34(40.09) -1.6   5.27    3.14 |  -82.20(27.73) -3.0 -128.21(66.72) -1.9   2.22    1.61 | 0.37
branches_L12_k0.47_r1.csv                    <3>        6 |   +30.75(11.30)  +2.7   -0.53(19.51) -0.0   8.96    3.97 |  +56.20(25.62) +2.2  +64.25(44.54) +1.4   4.56    3.22 | 0.39
branches_L12_k0.47_r1.csv                    FM         6 |    -5.77(12.04)  -0.5  -27.84(15.26) -1.8   2.20    1.18 |  +26.44(38.07) +0.7  +24.61(74.40) +0.3   3.23    1.88 | 0.45
branches_L12_k0.48_r0.csv                    <2>        6 |  -164.23(69.98)  -2.3 -720.18(252.39) -2.9   2.71    1.69 | -214.08(64.54) -3.3 -738.03(251.23) -2.9   2.50    1.18 | 0.50
branches_L12_k0.48_r0.csv                    <3>        6 |   +35.91(26.57)  +1.4   +9.46(48.45) +0.2   2.55    1.03 |  +20.43(31.86) +0.6   +1.13(59.99) +0.0   3.65    2.42 | 0.40
branches_L12_k0.48_r0.csv                    FM         6 |   -81.51(42.46)  -1.9 -192.17(89.67) -2.1   3.36    2.60 |  -58.49(67.01) -0.9 -210.13(223.07) -0.9   2.30    0.95 | 0.52
branches_L12_k0.48_r1.csv                    <2>        6 |   -38.47(13.77)  -2.8   +3.08(36.95) +0.1   5.77    3.24 |  -35.31(35.51) -1.0  -66.82(58.68) -1.1   1.73    0.73 | 0.30
branches_L12_k0.48_r1.csv                    <3>        6 |   +15.19(16.46)  +0.9  +32.48(30.47) +1.1   2.79    1.66 |  -20.21(38.21) -0.5  +13.26(36.41) +0.4  13.27    8.45 | 0.62
branches_L12_k0.48_r1.csv                    FM         6 |   -47.31(13.63)  -3.5 -129.26(44.01) -2.9   3.79    1.56 |  -67.61(48.23) -1.4  -92.50(90.68) -1.0   2.40    1.15 | 0.43
branches_L12_k0.49_r0.csv                    <2>        6 |  -311.54(24.09) -12.9 -1094.45(40.53) -27.0 155.34 1609.74 | -259.49(20.07) -12.9 -1060.30(41.94) -25.3  12.29   11.29 | 0.48
branches_L12_k0.49_r0.csv                    <3>        6 |   -39.28(22.06)  -1.8  -66.52(25.02) -2.7   3.38    1.96 |  -32.56(52.57) -0.6   -9.55(75.24) -0.1   2.93    1.51 | 0.40
branches_L12_k0.49_r0.csv                    FM         6 |  -125.26(65.23)  -1.9 -430.96(216.75) -2.0   2.26    1.32 | -159.62(76.95) -2.1 -554.10(269.43) -2.1   5.82    3.79 | 0.47
branches_L12_k0.49_r1.csv                    <2>        6 |    +6.30(24.40)  +0.3   +6.33(36.93) +0.2   4.65    1.85 |   +8.99(51.85) +0.2  +14.56(107.14) +0.1   2.80    1.16 | 0.49
branches_L12_k0.49_r1.csv                    <3>        6 |    -9.07(11.58)  -0.8   +3.20(22.97) +0.1   5.04    2.57 |  -18.95(26.34) -0.7  -14.81(52.19) -0.3   2.67    1.06 | 0.43
branches_L12_k0.49_r1.csv                    FM         6 |   -69.78(24.39)  -2.9 -146.07(66.78) -2.2   2.70    1.47 |  -31.14(57.61) -0.5 -149.38(99.46) -1.5   3.33    1.63 | 0.54
branches_L12_k0.51_r0.csv                    <2>        6 |   -63.80(37.11)  -1.7 -258.13(155.18) -1.7   2.78    1.93 |   +8.61(57.16) +0.2  -74.46(208.75) -0.4   4.01    2.19 | 0.44
branches_L12_k0.51_r0.csv                    <3>        6 |    +5.36(12.39)  +0.4  +30.22(31.20) +1.0   2.50    0.91 |  +32.04(24.52) +1.3  +16.20(56.78) +0.3   3.29    1.77 | 0.36
branches_L12_k0.51_r0.csv                    FM         6 |  -150.51(68.50)  -2.2 -451.03(195.21) -2.3   3.69    2.79 |  -57.74(90.15) -0.6 -312.95(309.32) -1.0   4.17    4.01 | 0.68
branches_L12_k0.51_r1.csv                    <2>        6 |    +2.70(16.75)  +0.2  +27.95( 8.79) +3.2   1.68    0.64 |  -18.74(26.34) -0.7   +0.08(36.23) +0.0   2.17    1.17 | 0.34
branches_L12_k0.51_r1.csv                    <3>        6 |   -25.57(11.43)  -2.2   +0.47(26.23) +0.0   2.70    1.08 |  -11.51(34.68) -0.3   +0.70(55.93) +0.0   2.81    1.14 | 0.45
branches_L12_k0.51_r1.csv                    FM         6 |  -170.65(117.09)  -1.5 -407.91(292.65) -1.4   4.06    1.21 |  -57.80(89.63) -0.6 -179.46(204.73) -0.9   3.95    2.17 | 0.44
branches_L12_k0.52_r0.csv                    <2>        6 |   -59.70(54.60)  -1.1 -289.47(156.37) -1.9   6.81    4.50 |   +6.10(63.82) +0.1 -106.14(159.27) -0.7   1.78    1.17 | 0.42
branches_L12_k0.52_r0.csv                    <3>        6 |   -14.76(16.93)  -0.9   -6.26(29.58) -0.2   2.84    1.19 |   +5.45(35.90) +0.2  -77.95(59.28) -1.3   2.13    1.01 | 0.45
branches_L12_k0.52_r0.csv                    FM         6 |  -251.91(23.95) -10.5 -977.68(104.55) -9.4  22.78   38.09 | -255.32(90.18) -2.8 -1138.03(352.35) -3.2   4.89    3.83 | 0.38
branches_L12_k0.52_r1.csv                    <2>        6 |   +20.17(23.13)  +0.9  -18.21(40.49) -0.4   1.93    1.02 |  +39.09(41.00) +1.0  +59.61(70.75) +0.8   2.04    0.72 | 0.36
branches_L12_k0.52_r1.csv                    <3>        6 |   -12.43(15.41)  -0.8  +27.80(17.65) +1.6   3.84    2.12 |  +31.87(46.84) +0.7  +53.17(46.79) +1.1   3.96    2.40 | 0.37
branches_L12_k0.52_r1.csv                    FM         6 |   -30.43(28.48)  -1.1  -22.03(43.19) -0.5   2.61    1.12 |  -39.42(52.07) -0.8  -94.38(88.07) -1.1   3.04    1.29 | 0.63
branches_L12_k0.53_r0.csv                    <2>        6 |   -34.62(41.34)  -0.8 -102.51(122.24) -0.8   2.26    1.00 |  -21.95(37.93) -0.6  -45.99(124.34) -0.4   2.23    1.37 | 0.46
branches_L12_k0.53_r0.csv                    <3>        6 |    -9.97(30.11)  -0.3   -5.99(29.68) -0.2   2.67    1.28 |  -20.26(57.57) -0.4  -96.25(96.85) -1.0   2.21    1.17 | 0.40
branches_L12_k0.53_r0.csv                    FM         6 |   -80.23(35.74)  -2.2 -287.12(200.56) -1.4   1.89    1.12 |  -89.43(55.55) -1.6 -314.78(211.54) -1.5   2.11    1.52 | 0.69
branches_L12_k0.53_r1.csv                    <2>        6 |    -5.88( 6.61)  -0.9   -5.60(25.43) -0.2   2.86    0.86 |  -29.93(41.14) -0.7  -78.50(62.51) -1.3   2.86    1.51 | 0.47
branches_L12_k0.53_r1.csv                    <3>        6 |   -35.30(12.19)  -2.9   -6.68(23.71) -0.3   5.01    2.93 |  -60.48(38.71) -1.6  -27.11(21.53) -1.3   2.55    1.01 | 0.39
branches_L12_k0.53_r1.csv                    FM         6 |  -116.36(40.53)  -2.9 -311.29(111.69) -2.8   3.92    1.94 |  -66.37(61.43) -1.1 -185.48(137.56) -1.3   3.82    1.97 | 0.36
branches_L12_k0.5625_r0.csv                  <2>        6 |  -172.61(162.05)  -1.1 -639.06(512.18) -1.2   2.56    1.48 | -143.13(102.78) -1.4 -517.70(318.79) -1.6   1.94    1.08 | 0.46
branches_L12_k0.5625_r0.csv                  <3>        6 |   -42.33(54.61)  -0.8  -52.90(38.69) -1.4   3.15    2.01 |  -67.51(67.15) -1.0   -7.52(48.23) -0.2   2.83    1.36 | 0.53
branches_L12_k0.5625_r0.csv                  FM         6 |  -525.15(303.60)  -1.7 -1978.40(1147.79) -1.7   2.25    2.27 | -523.56(296.34) -1.8 -1984.69(1108.62) -1.8   2.89    2.07 | 0.38
branches_L12_k0.5625_r1.csv                  <2>        6 |    -2.52(19.42)  -0.1   +5.36(26.45) +0.2   1.71    1.00 |  +35.96(23.21) +1.5  +80.09(43.24) +1.9   3.06    1.81 | 0.37
branches_L12_k0.5625_r1.csv                  <3>        6 |   -28.96(16.12)  -1.8  -18.90(18.72) -1.0   3.36    1.98 |  +31.76(20.69) +1.5  +82.50(33.76) +2.4   4.99    2.50 | 0.44
branches_L12_k0.5625_r1.csv                  FM         6 |  -241.38(23.13) -10.4 -679.86(82.34) -8.3   9.21    5.47 | -270.59(57.03) -4.7 -800.78(158.82) -5.0   8.18    4.52 | 0.37
branches_L12_k0.625_r0.csv                   <2>        6 |   -62.65(34.03)  -1.8 -209.14(92.04) -2.3   2.80    1.63 |  -74.77(48.95) -1.5 -128.79(164.34) -0.8   5.56    2.52 | 0.56
branches_L12_k0.625_r0.csv                   <3>        6 |   -13.23(12.17)  -1.1   +3.28(28.50) +0.1   3.08    1.38 |  +62.31(32.06) +1.9 +107.97(39.35) +2.7   4.10    3.02 | 0.43
branches_L12_k0.625_r0.csv                   FM         6 |  -690.01(156.09)  -4.4 -3276.08(669.95) -4.9   5.51    4.30 | -642.59(148.83) -4.3 -3246.46(645.54) -5.0   6.20    5.35 | 0.47
branches_L12_k0.625_r1.csv                   <2>        6 |   +10.39(26.61)  +0.4   +9.15(22.81) +0.4   3.40    1.25 |  +52.22(42.37) +1.2  +56.41(46.01) +1.2   3.89    1.78 | 0.34
branches_L12_k0.625_r1.csv                   <3>        6 |   -18.09( 4.14)  -4.4  +21.16(20.77) +1.0   4.49    2.45 |  +36.79(30.09) +1.2  +11.30(47.64) +0.2   2.08    1.15 | 0.32
branches_L12_k0.625_r1.csv                   FM         6 |  -558.14(157.87)  -3.5 -1683.97(444.56) -3.8   8.32    5.92 | -542.42(125.50) -4.3 -1497.98(367.36) -4.1  10.22    7.16 | 0.42
branches_L12_k0.75_r0.csv                    <2>        6 |   -24.66(20.82)  -1.2  -78.78(45.37) -1.7   3.05    1.32 |  -44.40(40.10) -1.1  -94.29(125.79) -0.7   3.64    1.94 | 0.39
branches_L12_k0.75_r0.csv                    <3>        6 |   -97.75(26.20)  -3.7  -95.48(22.52) -4.2   4.04    2.48 |  -90.97(53.99) -1.7  -74.71(44.20) -1.7   2.63    1.14 | 0.40
branches_L12_k0.75_r0.csv                    FM         6 | -1412.10(307.75)  -4.6 -8837.97(2037.94) -4.3   4.12    3.08 | -1336.99(304.37) -4.4 -8467.69(1839.49) -4.6   4.34    4.17 | 0.52
branches_L12_k0.75_r1.csv                    <2>        6 |    +0.73( 9.97)  +0.1  -22.47(12.47) -1.8   5.40    2.79 |   +9.77(31.11) +0.3  +63.50(29.80) +2.1   3.61    1.84 | 0.38
branches_L12_k0.75_r1.csv                    <3>        6 |   +12.24(19.47)  +0.6  +22.58(22.69) +1.0   5.78    2.98 |  -58.22(45.25) -1.3  -25.92(43.98) -0.6   4.75    2.49 | 0.32
branches_L12_k0.75_r1.csv                    FM         6 | -2109.96(366.01)  -5.8 -6893.44(975.49) -7.1  22.19   32.56 | -2130.24(393.25) -5.4 -6843.43(1103.39) -6.2  21.17   30.32 | 0.64
branches_L24_k0.47_r0.csv                    <2>        6 |  -185.08(156.32)  -1.2 -771.71(636.83) -1.2   2.11    1.05 | -116.67(111.72) -1.0 -541.01(464.37) -1.2   2.41    1.59 | 0.53
branches_L24_k0.47_r0.csv                    <3>        6 |   +22.54(14.93)  +1.5   +1.48(16.72) +0.1   2.06    1.12 |  -36.22(25.60) -1.4  -96.83(50.86) -1.9   2.42    1.25 | 0.42
branches_L24_k0.47_r0.csv                    FM         6 |   -26.93(12.28)  -2.2 -109.23(39.70) -2.8   2.10    1.12 |  -19.48( 9.98) -2.0 -101.91(36.39) -2.8   2.24    1.01 | 0.57
branches_L24_k0.47_r1.csv                    <2>        6 |    -6.44( 6.27)  -1.0   +0.89(10.70) +0.1   3.10    1.08 |  -18.40(33.14) -0.6  +14.78(50.93) +0.3   3.08    2.13 | 0.55
branches_L24_k0.47_r1.csv                    <3>        6 |    -6.29( 2.51)  -2.5   -6.43( 3.38) -1.9   3.23    1.40 |   +4.69(15.66) +0.3   -8.98(26.11) -0.3   3.15    1.10 | 0.48
branches_L24_k0.47_r1.csv                    FM         6 |    +5.13(12.46)  +0.4   -8.64(16.00) -0.5   2.29    0.78 |  +17.56(20.94) +0.8   +7.03(36.71) +0.2   3.58    2.00 | 0.49
branches_L24_k0.53_r0.csv                    <2>        6 |   -57.78(18.91)  -3.1 -189.56(81.45) -2.3   2.72    1.69 |  -22.08(24.54) -0.9  -99.62(94.37) -1.1   4.05    1.99 | 0.50
branches_L24_k0.53_r0.csv                    <3>        6 |    -4.65( 4.83)  -1.0   -8.10(17.96) -0.5   2.76    1.84 |  +12.86(30.85) +0.4   +8.63(36.15) +0.2   4.95    2.25 | 0.41
branches_L24_k0.53_r0.csv                    FM         6 |   -66.18(34.17)  -1.9 -286.57(131.84) -2.2   2.68    1.48 |  -78.61(38.74) -2.0 -318.22(148.39) -2.1   2.46    1.19 | 0.56
branches_L24_k0.53_r1.csv                    <2>        6 |   +11.17( 8.59)  +1.3  +17.50( 8.26) +2.1   2.35    1.62 |  +18.63(12.23) +1.5  +22.67(28.65) +0.8   3.99    2.54 | 0.50
branches_L24_k0.53_r1.csv                    <3>        6 |   -18.23( 5.82)  -3.1  -32.33( 7.23) -4.5   2.90    2.28 |  -25.86(26.35) -1.0  -20.35(32.82) -0.6   2.48    1.00 | 0.49
branches_L24_k0.53_r1.csv                    FM         6 |  -105.95(11.27)  -9.4 -269.09(31.60) -8.5   8.07    4.57 |  -54.19(25.48) -2.1 -232.35(61.86) -3.8   5.52    3.85 | 0.56
branches_L24_k0.625_r0.csv                   <2>        6 |   +10.02( 7.73)  +1.3  +14.89(10.08) +1.5   1.90    0.70 |   +4.00(12.94) +0.3   +4.06(36.42) +0.1   2.75    1.64 | 0.42
branches_L24_k0.625_r0.csv                   <3>        6 |   -19.31( 8.43)  -2.3   -4.05(11.28) -0.4   3.26    1.53 |  +10.66(26.81) +0.4  +64.56(35.08) +1.8   4.56    2.55 | 0.62
branches_L24_k0.625_r0.csv                   FM         6 |  -794.35(70.38) -11.3 -3916.78(314.84) -12.4  15.16   23.08 | -787.21(74.34) -10.6 -3867.26(295.26) -13.1  14.12   18.88 | 0.59

summary of offset z and trend z (mean, SD, n) by estimator and structure:
  diag <223>   n=  3  offset z +1.31 SD 1.09   trend z +0.89 SD 1.91
  diag <2333>  n=  1  offset z +0.54 SD nan   trend z -1.06 SD nan
  diag <233>   n=  4  offset z +0.21 SD 1.48   trend z -0.40 SD 0.54
  diag <23>    n= 19  offset z +0.36 SD 1.02   trend z +0.50 SD 0.72
  diag <2>     n= 33  offset z -0.84 SD 2.70   trend z -1.19 SD 4.85
  diag <3>     n= 32  offset z -0.13 SD 1.10   trend z -0.08 SD 1.12
  diag FM      n= 23  offset z -2.33 SD 2.47   trend z -2.76 SD 2.86
  op   <223>   n=  3  offset z +0.72 SD 0.25   trend z +0.08 SD 1.21
  op   <2333>  n=  1  offset z -2.21 SD nan   trend z -3.96 SD nan
  op   <233>   n=  4  offset z +0.73 SD 0.77   trend z -0.06 SD 1.01
  op   <23>    n= 19  offset z +0.33 SD 1.31   trend z +0.79 SD 1.95
  op   <2>     n= 33  offset z -1.06 SD 2.54   trend z -1.42 SD 4.89
  op   <3>     n= 32  offset z -0.70 SD 1.80   trend z -0.52 SD 1.47
  op   FM      n= 23  offset z -3.81 SD 3.38   trend z -3.84 SD 3.15
by estimator and lattice:
  diag 12x12        n= 54  offset z -1.20 SD 2.49   trend z -1.52 SD 4.00
  diag 20x20        n= 16  offset z +0.08 SD 1.00   trend z +0.36 SD 0.59
  diag 20x20/T0.1   n=  2  offset z +0.17 SD 0.95   trend z -0.48 SD 0.97
  diag 20x22        n=  1  offset z +0.54 SD nan   trend z -1.06 SD nan
  diag 20x28        n=  3  offset z +1.31 SD 1.09   trend z +0.89 SD 1.91
  diag 20x30        n= 16  offset z -0.02 SD 0.99   trend z +0.21 SD 0.99
  diag 20x30/T0.1   n=  2  offset z +0.18 SD 0.91   trend z +0.05 SD 0.71
  diag 20x32        n=  4  offset z +0.21 SD 1.48   trend z -0.40 SD 0.54
  diag 24x24        n= 15  offset z -1.19 SD 2.83   trend z -1.56 SD 3.51
  diag 40x40        n=  2  offset z +1.14 SD 1.22   trend z +0.79 SD 0.14
  op   12x12        n= 54  offset z -2.05 SD 2.81   trend z -2.07 SD 4.18
  op   20x20        n= 16  offset z -0.08 SD 1.25   trend z +0.13 SD 1.40
  op   20x20/T0.1   n=  2  offset z +0.54 SD 1.70   trend z +1.33 SD 0.81
  op   20x22        n=  1  offset z -2.21 SD nan   trend z -3.96 SD nan
  op   20x28        n=  3  offset z +0.72 SD 0.25   trend z +0.08 SD 1.21
  op   20x30        n= 16  offset z +0.35 SD 1.36   trend z -0.32 SD 1.10
  op   20x30/T0.1   n=  2  offset z -0.12 SD 2.97   trend z +0.40 SD 0.34
  op   20x32        n=  4  offset z +0.73 SD 0.77   trend z -0.06 SD 1.01
  op   24x24        n= 15  offset z -2.30 SD 3.64   trend z -2.22 SD 3.81
  op   40x40        n=  2  offset z +0.70 SD 0.64   trend z +4.04 SD 4.90

Energy route for Table V at g_c: Delta E (Welch) vs Delta F (rich) vs Delta F_th (O(g^6)); x1e4
  P1           g_c=0.7179 th  -4.98 | dF2  -4.93(0.76) dE2op  -1.98(4.43) dE2diag  +1.97(8.13) [diag-th +0.9s] | dF3  -7.19(0.99) dE3op  -0.17(2.99) dE3diag  +0.74(5.88) [diag-th +1.0s] |
  P3           g_c=1.1222 th  -3.97 | dF2  -4.31(0.66) dE2op  -4.63(3.57) dE2diag  -7.92(9.13) [diag-th -0.4s] | dF3  -4.90(0.34) dE3op  -4.84(2.65) dE3diag  +2.62(9.52) [diag-th +0.7s] |
  P2           g_c=0.9733 th -22.19 | dF2 -23.04(0.86) dE2op -23.53(3.69) dE2diag -18.30(11.37) [diag-th +0.3s] | dF3 -30.65(1.22) dE3op -27.13(2.81) dE3diag -32.46(6.98) [diag-th -1.5s] |
  P4           g_c=0.8525 th -11.42 | dF2 -12.13(0.82) dE2op -14.78(4.29) dE2diag -20.07(6.93) [diag-th -1.2s] | dF3 -14.96(1.00) dE3op -19.56(2.30) dE3diag -14.38(6.86) [diag-th -0.4s] |
  P7           g_c=1.3369 th  -8.98 | dF2  -8.65(0.91) dE2op  -6.17(3.84) dE2diag  -2.65(8.84) [diag-th +0.7s] | dF3  -9.57(0.71) dE3op  -2.42(3.42) dE3diag  -9.78(10.38) [diag-th -0.1s] |
  P5           g_c=0.5997 th  -2.17 | dF2  -3.32(0.60) dE2op  -2.74(2.69) dE2diag  +3.80(7.12) [diag-th +0.8s] | dF3  -1.46(0.62) dE3op  +2.20(3.38) dE3diag  +4.84(5.17) [diag-th +1.4s] |
  P6           g_c=0.9351 th  -1.75 | dF2  -0.99(0.54) dE2op  +0.06(3.68) dE2diag -20.79(8.09) [diag-th -2.4s] | dF3  -2.47(0.58) dE3op  -6.36(3.55) dE3diag  -2.12(7.76) [diag-th -0.0s] |
  P6_pooled36  g_c=0.9351 th  -1.75 | dF2  -1.75(0.36) dE2op  -1.88(2.40) dE2diag  -9.42(4.94) [diag-th -1.6s] | dF3  -2.76(0.32) dE3op  -2.16(2.01) dE3diag  -5.30(3.89) [diag-th -0.9s] |

P3 <23> 20x20 - 20x30, x1e5 (se): g | dF | dE_op | dE_diag
  0.1000 |  +0.48(0.56) |   -7.28(30.41) |   +1.34(6.11)
  0.3000 |  +3.63(2.61) |   +2.46(28.57) |   +3.19(28.25)
  0.5000 |  +5.32(3.99) |  -29.01(35.63) |   -2.85(25.27)
  0.7000 |  +8.35(5.03) |   -1.91(40.01) |  -17.95(53.01)
  0.9000 | +11.72(6.18) |  +29.80(40.26) |   -2.37(72.06)
  1.0000 | +13.50(6.55) |   +9.17(49.68) |   -9.26(67.19)
  1.1000 | +13.82(6.42) |  +19.61(40.22) | -165.39(95.47)
  1.1222 | +12.93(6.30) |  -20.72(36.59) |   +4.66(100.57)
  1.2000 | +13.04(6.32) |  +22.16(30.95) |  +31.25(61.99)
  1.3000 | +12.14(7.07) |   +7.11(43.43) |  -43.80(99.78)
  1.4000 |  +9.00(7.54) |  +22.48(27.96) |  -72.95(118.21)
  band-mean (1.02-1.24) dE_diag: +16.33(18.93) x1e5
  band-mean (1.02-1.24) dE_op: +14.27(9.14) x1e5
  band-mean (1.02-1.24) dF: +13.51(6.39) x1e5
